  -2.8000   1.0000        0        0   1.0000
  -2.8000   2.0000        0        0   2.0000
   2.8000   3.0000        0        0   3.0000
   2.8000   4.0000        0        0   4.0000
   1.0750   1.0000  -1.0000  -1.0000   1.0000
   0.3583   1.0000  -2.0000  -2.0000   1.0000
   1.0717   1.0000  -3.0000  -3.0000   1.0000
  -0.0489   1.0000  -3.0000  -4.0000   1.0000
  -0.0489   1.0000  -4.0000  -3.0000   1.0000
   0.3617   1.0000  -4.0000  -4.0000   1.0000
   0.3583   1.0000  -1.0000  -2.0000   2.0000
   0.3583   1.0000  -2.0000  -1.0000   2.0000
  -0.0489   1.0000  -3.0000  -3.0000   2.0000
  -0.3550   1.0000  -3.0000  -4.0000   2.0000
  -0.3550   1.0000  -4.0000  -3.0000   2.0000
   0.0489   1.0000  -4.0000  -4.0000   2.0000
   1.0717   1.0000  -1.0000  -3.0000   3.0000
  -0.0489   1.0000  -1.0000  -4.0000   3.0000
  -0.0489   1.0000  -2.0000  -3.0000   3.0000
  -0.3550   1.0000  -2.0000  -4.0000   3.0000
   1.0717   1.0000  -3.0000  -1.0000   3.0000
  -0.0489   1.0000  -3.0000  -2.0000   3.0000
  -0.0489   1.0000  -4.0000  -1.0000   3.0000
  -0.3550   1.0000  -4.0000  -2.0000   3.0000
  -0.0489   1.0000  -1.0000  -3.0000   4.0000
   0.3617   1.0000  -1.0000  -4.0000   4.0000
  -0.3550   1.0000  -2.0000  -3.0000   4.0000
   0.0489   1.0000  -2.0000  -4.0000   4.0000
  -0.0489   1.0000  -3.0000  -1.0000   4.0000
  -0.3550   1.0000  -3.0000  -2.0000   4.0000
   0.3617   1.0000  -4.0000  -1.0000   4.0000
   0.0489   1.0000  -4.0000  -2.0000   4.0000
   0.3583   2.0000  -1.0000  -2.0000   1.0000
   0.3583   2.0000  -2.0000  -1.0000   1.0000
  -0.0489   2.0000  -3.0000  -3.0000   1.0000
  -0.3550   2.0000  -3.0000  -4.0000   1.0000
  -0.3550   2.0000  -4.0000  -3.0000   1.0000
   0.0489   2.0000  -4.0000  -4.0000   1.0000
   0.3583   2.0000  -1.0000  -1.0000   2.0000
   1.0750   2.0000  -2.0000  -2.0000   2.0000
   0.3617   2.0000  -3.0000  -3.0000   2.0000
   0.0489   2.0000  -3.0000  -4.0000   2.0000
   0.0489   2.0000  -4.0000  -3.0000   2.0000
   1.0717   2.0000  -4.0000  -4.0000   2.0000
  -0.0489   2.0000  -1.0000  -3.0000   3.0000
  -0.3550   2.0000  -1.0000  -4.0000   3.0000
   0.3617   2.0000  -2.0000  -3.0000   3.0000
   0.0489   2.0000  -2.0000  -4.0000   3.0000
  -0.0489   2.0000  -3.0000  -1.0000   3.0000
   0.3617   2.0000  -3.0000  -2.0000   3.0000
  -0.3550   2.0000  -4.0000  -1.0000   3.0000
   0.0489   2.0000  -4.0000  -2.0000   3.0000
  -0.3550   2.0000  -1.0000  -3.0000   4.0000
   0.0489   2.0000  -1.0000  -4.0000   4.0000
   0.0489   2.0000  -2.0000  -3.0000   4.0000
   1.0717   2.0000  -2.0000  -4.0000   4.0000
  -0.3550   2.0000  -3.0000  -1.0000   4.0000
   0.0489   2.0000  -3.0000  -2.0000   4.0000
   0.0489   2.0000  -4.0000  -1.0000   4.0000
   1.0717   2.0000  -4.0000  -2.0000   4.0000
   1.0717   3.0000  -1.0000  -3.0000   1.0000
  -0.0489   3.0000  -1.0000  -4.0000   1.0000
  -0.0489   3.0000  -2.0000  -3.0000   1.0000
  -0.3550   3.0000  -2.0000  -4.0000   1.0000
   1.0717   3.0000  -3.0000  -1.0000   1.0000
  -0.0489   3.0000  -3.0000  -2.0000   1.0000
  -0.0489   3.0000  -4.0000  -1.0000   1.0000
  -0.3550   3.0000  -4.0000  -2.0000   1.0000
  -0.0489   3.0000  -1.0000  -3.0000   2.0000
  -0.3550   3.0000  -1.0000  -4.0000   2.0000
   0.3617   3.0000  -2.0000  -3.0000   2.0000
   0.0489   3.0000  -2.0000  -4.0000   2.0000
  -0.0489   3.0000  -3.0000  -1.0000   2.0000
   0.3617   3.0000  -3.0000  -2.0000   2.0000
  -0.3550   3.0000  -4.0000  -1.0000   2.0000
   0.0489   3.0000  -4.0000  -2.0000   2.0000
   1.0717   3.0000  -1.0000  -1.0000   3.0000
  -0.0489   3.0000  -1.0000  -2.0000   3.0000
  -0.0489   3.0000  -2.0000  -1.0000   3.0000
   0.3617   3.0000  -2.0000  -2.0000   3.0000
   1.0750   3.0000  -3.0000  -3.0000   3.0000
   0.3583   3.0000  -4.0000  -4.0000   3.0000
  -0.0489   3.0000  -1.0000  -1.0000   4.0000
  -0.3550   3.0000  -1.0000  -2.0000   4.0000
  -0.3550   3.0000  -2.0000  -1.0000   4.0000
   0.0489   3.0000  -2.0000  -2.0000   4.0000
   0.3583   3.0000  -3.0000  -4.0000   4.0000
   0.3583   3.0000  -4.0000  -3.0000   4.0000
  -0.0489   4.0000  -1.0000  -3.0000   1.0000
   0.3617   4.0000  -1.0000  -4.0000   1.0000
  -0.3550   4.0000  -2.0000  -3.0000   1.0000
   0.0489   4.0000  -2.0000  -4.0000   1.0000
  -0.0489   4.0000  -3.0000  -1.0000   1.0000
  -0.3550   4.0000  -3.0000  -2.0000   1.0000
   0.3617   4.0000  -4.0000  -1.0000   1.0000
   0.0489   4.0000  -4.0000  -2.0000   1.0000
  -0.3550   4.0000  -1.0000  -3.0000   2.0000
   0.0489   4.0000  -1.0000  -4.0000   2.0000
   0.0489   4.0000  -2.0000  -3.0000   2.0000
   1.0717   4.0000  -2.0000  -4.0000   2.0000
  -0.3550   4.0000  -3.0000  -1.0000   2.0000
   0.0489   4.0000  -3.0000  -2.0000   2.0000
   0.0489   4.0000  -4.0000  -1.0000   2.0000
   1.0717   4.0000  -4.0000  -2.0000   2.0000
  -0.0489   4.0000  -1.0000  -1.0000   3.0000
  -0.3550   4.0000  -1.0000  -2.0000   3.0000
  -0.3550   4.0000  -2.0000  -1.0000   3.0000
   0.0489   4.0000  -2.0000  -2.0000   3.0000
   0.3583   4.0000  -3.0000  -4.0000   3.0000
   0.3583   4.0000  -4.0000  -3.0000   3.0000
   0.3617   4.0000  -1.0000  -1.0000   4.0000
   0.0489   4.0000  -1.0000  -2.0000   4.0000
   0.0489   4.0000  -2.0000  -1.0000   4.0000
   1.0717   4.0000  -2.0000  -2.0000   4.0000
   0.3583   4.0000  -3.0000  -3.0000   4.0000
   1.0750   4.0000  -4.0000  -4.0000   4.0000
